GEN		MAX FITNESS
0		0.0
1		460.0
2		414.0
3		422.0
4		441.0
5		410.0
6		457.0
7		478.0
8		432.0
9		462.0
10		417.0
11		400.0
12		396.0
13		411.0
14		427.0
15		377.0
16		337.0
17		328.0
18		313.0
19		301.0
20		342.0
21		319.0
22		272.0
23		250.0
24		181.0
25		347.0
26		370.0
27		191.0
28		249.0
29		319.0
30		199.0
31		237.0
32		288.0
33		195.0
34		329.0

GEN		AVG FITNESS
0		0.0
1		272.3333333333333
2		275.8333333333333
3		324.5
4		322.1666666666667
5		323.5
6		334.1666666666667
7		321.5
8		283.5
9		271.0
10		290.5
11		265.0
12		307.6666666666667
13		284.0
14		293.3333333333333
15		259.1666666666667
16		203.5
17		165.16666666666666
18		201.5
19		196.16666666666666
20		216.16666666666666
21		212.83333333333334
22		188.0
23		170.83333333333334
24		105.5
25		212.5
26		191.0
27		121.33333333333333
28		149.33333333333334
29		152.33333333333334
30		141.16666666666666
31		141.5
32		177.66666666666666
33		153.66666666666666
34		163.66666666666666

GEN		MAX OFFSPRING FITNESS
0		460.0
1		414.0
2		422.0
3		441.0
4		410.0
5		457.0
6		478.0
7		432.0
8		462.0
9		417.0
10		400.0
11		396.0
12		411.0
13		427.0
14		377.0
15		337.0
16		328.0
17		313.0
18		301.0
19		342.0
20		319.0
21		272.0
22		250.0
23		181.0
24		347.0
25		370.0
26		191.0
27		249.0
28		319.0
29		199.0
30		237.0
31		288.0
32		195.0
33		329.0
34		221.0

GEN		AVG OFFSPRING FITNESS
0		60.733333333333334
1		55.166666666666664
2		64.23333333333333
3		63.666666666666664
4		64.7
5		68.7
6		64.3
7		56.9
8		57.833333333333336
9		58.36666666666667
10		53.0
11		60.166666666666664
12		55.36666666666667
13		61.03333333333333
14		52.233333333333334
15		43.86666666666667
16		33.03333333333333
17		29.933333333333334
18		41.733333333333334
19		43.733333333333334
20		40.63333333333333
21		37.6
22		31.166666666666668
23		22.8
24		42.5
25		35.0
26		24.3
27		29.866666666666667
28		33.06666666666667
29		25.966666666666665
30		30.833333333333332
31		33.86666666666667
32		30.466666666666665
33		38.3
34		31.7

GEN		BEST INDIVIDUAL
0		fitness: 460.0, genome: [3.95, 3.02, 2.48, 3.083934060237259] 0.268443088124654
1		fitness: 460.0, genome: [3.95, 3.02, 2.48, 3.083934060237259] 0.8242600757554737
2		fitness: 422.0, genome: [3.95, 3.0, 2.49, 3.083934060237259] 1.0773470286834148
3		fitness: 441.0, genome: [3.95, 3.02, 2.48, 5.0] 1.4809983694895639
4		fitness: 441.0, genome: [3.95, 3.02, 2.48, 5.0] 0.3218674251238056
5		fitness: 457.0, genome: [3.95, 3.02, 2.48, 5.0] 1.4271112538545256
6		fitness: 478.0, genome: [3.95, 5.0, 2.48, 5.0] 1.5433650235424863
7		fitness: 478.0, genome: [3.95, 5.0, 2.48, 5.0] 1.0213323540475954
8		fitness: 462.0, genome: [3.95, 1.0, 2.49, 5.0] 1.9046762725972282
9		fitness: 462.0, genome: [3.95, 1.0, 2.49, 5.0] 0.12479241438078281
10		fitness: 417.0, genome: [3.95, 1.0, 2.49, 5.0] 1.4427321096225778
11		fitness: 400.0, genome: [3.95, 2.58, 1.0, 5.0] 1.4523173900607589
12		fitness: 411.0, genome: [3.95, 2.58, 1.0, 5.0] 1.0356032687488608
13		fitness: 427.0, genome: [3.93, 2.58, 1.0, 5.0] 1.0136288625771381
14		fitness: 427.0, genome: [3.93, 2.58, 1.0, 5.0] 1.5987673388738255
15		fitness: 377.0, genome: [3.95, 1.0, 1.0, 5.0] 0.6613710844886378
16		fitness: 337.0, genome: [3.95, 1.8, 1.0, 5.0] 1.1161417024144178
17		fitness: 328.0, genome: [3.95, 1.81, 1.0, 5.0] 1.6199114786852131
18		fitness: 313.0, genome: [3.95, 2.33, 1.0, 5.0] 0.8932985205723476
19		fitness: 342.0, genome: [3.95, 2.33, 1.01, 5.0] 0.8711367276722384
20		fitness: 342.0, genome: [3.95, 2.33, 1.01, 5.0] 1.9582810413760579
21		fitness: 319.0, genome: [3.95, 2.33, 1.01, 5.0] 1.9939429701177986
22		fitness: 272.0, genome: [3.93, 1.0, 1.01, 5.0] 1.7371719957059635
23		fitness: 250.0, genome: [3.93, 1.0, 1.01, 5.0] 0.2936205089329682
24		fitness: 347.0, genome: [3.93, 1.0, 1.01, 5.0] 1.4022522171188356
25		fitness: 370.0, genome: [3.93, 1.0, 1.01, 5.0] 1.2475164821946856
26		fitness: 370.0, genome: [3.93, 1.0, 1.01, 5.0] 1.1398850653674686
27		fitness: 249.0, genome: [3.93, 1.0, 1.01, 2.2702795517065186] 1.8552330277659879
28		fitness: 319.0, genome: [3.93, 1.0, 1.0, 2.2702795517065186] 0.33521355519561435
29		fitness: 319.0, genome: [3.93, 1.0, 1.0, 2.2702795517065186] 1.0002594082428247
30		fitness: 237.0, genome: [3.93, 1.0, 1.0, 2.2552795517065185] 1.4618984523342704
31		fitness: 288.0, genome: [3.93, 1.45, 1.0, 1.0] 1.5803346296798848
32		fitness: 288.0, genome: [3.93, 1.45, 1.0, 1.0] 0.9701814552091417
33		fitness: 329.0, genome: [3.93, 1.45, 1.0, 1.0] 0.7471998870118197
34		fitness: 329.0, genome: [3.93, 1.45, 1.0, 1.0] 1.3093772411262252

GEN		BEST PARENT
0		fitness: 0.0, genome: [1.41, 2.84, 4.91, 1.047616534244645] 1.0336152436798
1		fitness: 460.0, genome: [3.95, 3.02, 2.48, 3.083934060237259] 1.9662882214496213
2		fitness: 414.0, genome: [3.95, 3.02, 2.48, 3.083934060237259] 1.3325109366159276
3		fitness: 422.0, genome: [3.95, 3.0, 2.49, 3.083934060237259] 1.6708421406607141
4		fitness: 441.0, genome: [3.95, 3.02, 2.48, 5.0] 0.4378285752934006
5		fitness: 410.0, genome: [3.95, 3.02, 2.48, 5.0] 0.9365129835964419
6		fitness: 457.0, genome: [3.95, 3.02, 2.48, 5.0] 0.6957678074379257
7		fitness: 478.0, genome: [3.95, 5.0, 2.48, 5.0] 1.703227689892777
8		fitness: 432.0, genome: [3.95, 1.0, 2.49, 5.0] 1.3284778754481563
9		fitness: 462.0, genome: [3.95, 1.0, 2.49, 5.0] 1.891462469248031
10		fitness: 417.0, genome: [3.95, 1.0, 2.49, 5.0] 1.8228022771868904
11		fitness: 400.0, genome: [3.95, 2.58, 1.0, 5.0] 0.033592468739957804
12		fitness: 396.0, genome: [3.95, 2.58, 1.0, 5.0] 0.4709838434557603
13		fitness: 411.0, genome: [3.95, 2.58, 1.0, 5.0] 0.016157117682445987
14		fitness: 427.0, genome: [3.93, 2.58, 1.0, 5.0] 0.6968837560592818
15		fitness: 377.0, genome: [3.95, 1.0, 1.0, 5.0] 0.4931849851294048
16		fitness: 337.0, genome: [3.95, 1.8, 1.0, 5.0] 1.1649696038547308
17		fitness: 328.0, genome: [3.95, 1.81, 1.0, 5.0] 0.8158923738071444
18		fitness: 313.0, genome: [3.95, 2.33, 1.0, 5.0] 1.1193115922685413
19		fitness: 301.0, genome: [3.95, 2.35, 1.0, 5.0] 1.497979070802128
20		fitness: 342.0, genome: [3.95, 2.33, 1.01, 5.0] 1.3862031414811558
21		fitness: 319.0, genome: [3.95, 2.33, 1.01, 5.0] 0.20604565337323955
22		fitness: 272.0, genome: [3.93, 1.0, 1.01, 5.0] 1.633747543725551
23		fitness: 250.0, genome: [3.93, 1.0, 1.01, 5.0] 1.069121491780072
24		fitness: 181.0, genome: [3.96, 2.33, 1.01, 5.0] 0.5966522203004561
25		fitness: 347.0, genome: [3.93, 1.0, 1.01, 5.0] 0.35088484571310774
26		fitness: 370.0, genome: [3.93, 1.0, 1.01, 5.0] 0.45563682926706384
27		fitness: 191.0, genome: [3.93, 1.0, 1.01, 5.0] 0.964315805366877
28		fitness: 249.0, genome: [3.93, 1.0, 1.01, 2.2702795517065186] 1.5823954889488696
29		fitness: 319.0, genome: [3.93, 1.0, 1.0, 2.2702795517065186] 1.3905284989613826
30		fitness: 199.0, genome: [3.93, 1.0, 1.0, 2.2552795517065185] 1.3240689154425451
31		fitness: 237.0, genome: [3.93, 1.0, 1.0, 2.2552795517065185] 0.10039129948822345
32		fitness: 288.0, genome: [3.93, 1.45, 1.0, 1.0] 1.5499923072331698
33		fitness: 195.0, genome: [3.93, 1.45, 1.0, 1.0] 0.9815014063447403
34		fitness: 329.0, genome: [3.93, 1.45, 1.0, 1.0] 0.912003188974412

GEN		BEST CHILD
0		fitness: 460.0, genome: [3.95, 3.02, 2.48, 3.083934060237259] 1.6545452339770657
1		fitness: 414.0, genome: [3.95, 3.02, 2.48, 3.083934060237259] 1.8309152654720235
2		fitness: 422.0, genome: [3.95, 3.0, 2.49, 3.083934060237259] 0.8262657730044638
3		fitness: 441.0, genome: [3.95, 3.02, 2.48, 5.0] 0.569063600252613
4		fitness: 410.0, genome: [3.95, 3.02, 2.48, 5.0] 1.2262044632861209
5		fitness: 457.0, genome: [3.95, 3.02, 2.48, 5.0] 1.7450488712288854
6		fitness: 478.0, genome: [3.95, 5.0, 2.48, 5.0] 0.20303379335595917
7		fitness: 432.0, genome: [3.95, 1.0, 2.49, 5.0] 0.8125537759102497
8		fitness: 462.0, genome: [3.95, 1.0, 2.49, 5.0] 0.8664416582025101
9		fitness: 417.0, genome: [3.95, 1.0, 2.49, 5.0] 0.30078482284876995
10		fitness: 400.0, genome: [3.95, 2.58, 1.0, 5.0] 1.5962073940568184
11		fitness: 396.0, genome: [3.95, 2.58, 1.0, 5.0] 1.160626749384097
12		fitness: 411.0, genome: [3.95, 2.58, 1.0, 5.0] 1.1579930899389874
13		fitness: 427.0, genome: [3.93, 2.58, 1.0, 5.0] 0.7425273233144394
14		fitness: 377.0, genome: [3.95, 1.0, 1.0, 5.0] 0.7998908181223245
15		fitness: 337.0, genome: [3.95, 1.8, 1.0, 5.0] 1.772370364251355
16		fitness: 328.0, genome: [3.95, 1.81, 1.0, 5.0] 1.2923141477579116
17		fitness: 313.0, genome: [3.95, 2.33, 1.0, 5.0] 0.7620899347638541
18		fitness: 301.0, genome: [3.95, 2.35, 1.0, 5.0] 1.1996418611589639
19		fitness: 342.0, genome: [3.95, 2.33, 1.01, 5.0] 0.7041417801683376
20		fitness: 319.0, genome: [3.95, 2.33, 1.01, 5.0] 0.08964216947911918
21		fitness: 272.0, genome: [3.93, 1.0, 1.01, 5.0] 1.1341255324295891
22		fitness: 250.0, genome: [3.93, 1.0, 1.01, 5.0] 1.8196186770483769
23		fitness: 181.0, genome: [3.96, 2.33, 1.01, 5.0] 0.6009745880753274
24		fitness: 347.0, genome: [3.93, 1.0, 1.01, 5.0] 0.3495861616244209
25		fitness: 370.0, genome: [3.93, 1.0, 1.01, 5.0] 0.7126119505982156
26		fitness: 191.0, genome: [3.93, 1.0, 1.01, 5.0] 0.7468289459887472
27		fitness: 249.0, genome: [3.93, 1.0, 1.01, 2.2702795517065186] 0.6934704105213823
28		fitness: 319.0, genome: [3.93, 1.0, 1.0, 2.2702795517065186] 0.6559601029691859
29		fitness: 199.0, genome: [3.93, 1.0, 1.0, 2.2552795517065185] 0.4474533782926844
30		fitness: 237.0, genome: [3.93, 1.0, 1.0, 2.2552795517065185] 0.4112738570620953
31		fitness: 288.0, genome: [3.93, 1.45, 1.0, 1.0] 1.4924507387169303
32		fitness: 195.0, genome: [3.93, 1.45, 1.0, 1.0] 0.7254321337626852
33		fitness: 329.0, genome: [3.93, 1.45, 1.0, 1.0] 1.22719159589079
34		fitness: 221.0, genome: [3.93, 5.0, 1.0, 1.0] 0.7721603589620525

