GEN		MAX FITNESS
0		0.0
1		340.0
2		493.0
3		408.0
4		490.0
5		302.0
6		300.0
7		452.0
8		332.0
9		364.0
10		339.0
11		339.0
12		409.0
13		443.0
14		440.0
15		385.0
16		390.0
17		400.0
18		420.0
19		314.0
20		360.0
21		395.0
22		383.0
23		458.0
24		353.0
25		466.0
26		358.0
27		423.0
28		429.0
29		416.0
30		398.0
31		285.0
32		245.0
33		361.0
34		273.0

GEN		AVG FITNESS
0		0.0
1		114.5
2		198.83333333333334
3		202.66666666666666
4		169.66666666666666
5		151.0
6		172.16666666666666
7		180.0
8		116.5
9		224.5
10		259.6666666666667
11		232.0
12		275.5
13		264.6666666666667
14		285.6666666666667
15		267.1666666666667
16		231.83333333333334
17		292.1666666666667
18		237.16666666666666
19		225.0
20		240.5
21		222.0
22		270.0
23		255.16666666666666
24		261.3333333333333
25		285.6666666666667
26		244.66666666666666
27		279.8333333333333
28		239.16666666666666
29		224.5
30		213.0
31		136.66666666666666
32		137.16666666666666
33		160.16666666666666
34		183.16666666666666

GEN		MAX OFFSPRING FITNESS
0		340.0
1		493.0
2		408.0
3		490.0
4		302.0
5		300.0
6		452.0
7		332.0
8		364.0
9		339.0
10		339.0
11		409.0
12		443.0
13		440.0
14		385.0
15		390.0
16		400.0
17		420.0
18		314.0
19		360.0
20		395.0
21		383.0
22		458.0
23		353.0
24		466.0
25		358.0
26		423.0
27		429.0
28		416.0
29		398.0
30		285.0
31		245.0
32		361.0
33		273.0
34		204.0

GEN		AVG OFFSPRING FITNESS
0		28.733333333333334
1		44.766666666666666
2		44.2
3		45.43333333333333
4		32.46666666666667
5		38.266666666666666
6		45.733333333333334
7		28.7
8		43.1
9		49.93333333333333
10		49.36666666666667
11		59.86666666666667
12		54.666666666666664
13		57.13333333333333
14		51.1
15		47.03333333333333
16		61.36666666666667
17		50.03333333333333
18		43.4
19		48.06666666666667
20		50.766666666666666
21		52.266666666666666
22		57.63333333333333
23		54.4
24		61.1
25		49.6
26		54.4
27		47.833333333333336
28		44.93333333333333
29		46.06666666666667
30		31.766666666666666
31		27.5
32		32.1
33		36.63333333333333
34		31.3

GEN		BEST INDIVIDUAL
0		fitness: 340.0, genome: [1.0, 1.03, 4.11, 4.005530004679562] 0.9199679693463312
1		fitness: 493.0, genome: [1.0, 1.03, 4.11, 3.9905300046795618] 0.4821356460053865
2		fitness: 493.0, genome: [1.0, 1.03, 4.11, 3.9905300046795618] 0.9977902305079491
3		fitness: 490.0, genome: [1.0, 3.03, 4.11, 3.9905300046795618] 0.7977534697141357
4		fitness: 490.0, genome: [1.0, 3.03, 4.11, 3.9905300046795618] 0.23043979581007967
5		fitness: 302.0, genome: [4.41, 3.03, 4.11, 3.9905300046795618] 1.739280591036231
6		fitness: 452.0, genome: [1.0, 3.03, 4.08, 3.9755300046795616] 0.4987104012042851
7		fitness: 452.0, genome: [1.0, 3.03, 4.08, 3.9755300046795616] 1.3516165148599713
8		fitness: 364.0, genome: [5.0, 3.03, 4.09, 5.0] 1.479276246480251
9		fitness: 364.0, genome: [5.0, 3.03, 4.09, 5.0] 1.0899133639044327
10		fitness: 339.0, genome: [5.0, 3.03, 4.09, 5.0] 0.46540714804698124
11		fitness: 409.0, genome: [5.0, 3.03, 2.05, 4.985] 1.2848703442148652
12		fitness: 443.0, genome: [5.0, 3.03, 2.05, 4.985] 0.4105210566379922
13		fitness: 443.0, genome: [5.0, 3.03, 2.05, 4.985] 1.6334488117884713
14		fitness: 440.0, genome: [5.0, 3.03, 2.06, 4.985] 1.3216581762504327
15		fitness: 390.0, genome: [5.0, 3.03, 1.52, 4.970000000000001] 0.39495973853271926
16		fitness: 400.0, genome: [5.0, 3.03, 1.52, 5.0] 0.25831713683049307
17		fitness: 420.0, genome: [5.0, 3.03, 1.52, 5.0] 0.11658205609623984
18		fitness: 420.0, genome: [5.0, 3.03, 1.52, 5.0] 1.6694957820201315
19		fitness: 360.0, genome: [5.0, 3.02, 1.52, 5.0] 0.4471775023717788
20		fitness: 395.0, genome: [5.0, 5.0, 1.52, 5.0] 1.6508237646898138
21		fitness: 395.0, genome: [5.0, 5.0, 1.52, 5.0] 1.6669957093147802
22		fitness: 458.0, genome: [5.0, 5.0, 1.5, 5.0] 0.9469745803835574
23		fitness: 458.0, genome: [5.0, 5.0, 1.5, 5.0] 0.1124314117718086
24		fitness: 466.0, genome: [5.0, 1.27, 1.0, 5.0] 0.06585949874375485
25		fitness: 466.0, genome: [5.0, 1.27, 1.0, 5.0] 1.6160517124255898
26		fitness: 423.0, genome: [5.0, 1.27, 1.0, 5.0] 1.9187178388973172
27		fitness: 429.0, genome: [5.0, 1.21, 1.0, 5.0] 0.013413436576915627
28		fitness: 429.0, genome: [5.0, 1.21, 1.0, 5.0] 0.5165490198654823
29		fitness: 416.0, genome: [5.0, 1.21, 1.0, 5.0] 1.1075537244344522
30		fitness: 398.0, genome: [5.0, 3.6, 1.0, 5.0] 0.4839947532365505
31		fitness: 285.0, genome: [5.0, 1.21, 1.0, 5.0] 1.5907397636443745
32		fitness: 361.0, genome: [5.0, 5.0, 1.0, 4.834845416561263] 0.7129041207949054
33		fitness: 361.0, genome: [5.0, 5.0, 1.0, 4.834845416561263] 0.3440139648436824
34		fitness: 273.0, genome: [5.0, 1.21, 1.0, 5.0] 0.9277044711654021

GEN		BEST PARENT
0		fitness: 0.0, genome: [2.83, 4.36, 4.53, 1.6161376272741474] 1.2659160881539249
1		fitness: 340.0, genome: [1.0, 1.03, 4.11, 4.005530004679562] 1.4715109470107073
2		fitness: 493.0, genome: [1.0, 1.03, 4.11, 3.9905300046795618] 0.023122224708089334
3		fitness: 408.0, genome: [1.0, 1.03, 4.09, 3.9905300046795618] 1.2560497388723526
4		fitness: 490.0, genome: [1.0, 3.03, 4.11, 3.9905300046795618] 0.6769001798756367
5		fitness: 302.0, genome: [4.41, 3.03, 4.11, 3.9905300046795618] 0.24744850998943346
6		fitness: 300.0, genome: [1.0, 3.03, 4.09, 3.9755300046795616] 0.39537783238896096
7		fitness: 452.0, genome: [1.0, 3.03, 4.08, 3.9755300046795616] 1.5533002937195601
8		fitness: 332.0, genome: [5.0, 3.03, 4.09, 5.0] 1.620847198514429
9		fitness: 364.0, genome: [5.0, 3.03, 4.09, 5.0] 1.2315508525667567
10		fitness: 339.0, genome: [5.0, 3.03, 4.09, 5.0] 1.8807648032521849
11		fitness: 339.0, genome: [5.0, 3.03, 4.09, 4.985] 1.964017336756298
12		fitness: 409.0, genome: [5.0, 3.03, 2.05, 4.985] 0.6466606732298235
13		fitness: 443.0, genome: [5.0, 3.03, 2.05, 4.985] 1.4962894564490818
14		fitness: 440.0, genome: [5.0, 3.03, 2.06, 4.985] 1.5792125207611973
15		fitness: 385.0, genome: [5.0, 3.03, 1.52, 4.985] 1.165825474748257
16		fitness: 390.0, genome: [5.0, 3.03, 1.52, 4.970000000000001] 0.3388493512285242
17		fitness: 400.0, genome: [5.0, 3.03, 1.52, 5.0] 0.81510302671101
18		fitness: 420.0, genome: [5.0, 3.03, 1.52, 5.0] 1.8113952719099966
19		fitness: 314.0, genome: [5.0, 3.02, 1.52, 5.0] 1.1704514173091112
20		fitness: 360.0, genome: [5.0, 3.02, 1.52, 5.0] 0.032639000496533344
21		fitness: 395.0, genome: [5.0, 5.0, 1.52, 5.0] 1.391536274136279
22		fitness: 383.0, genome: [5.0, 5.0, 1.52, 5.0] 1.2731895098178436
23		fitness: 458.0, genome: [5.0, 5.0, 1.5, 5.0] 1.510624578258147
24		fitness: 353.0, genome: [5.0, 5.0, 1.0, 5.0] 1.3671111007019534
25		fitness: 466.0, genome: [5.0, 1.27, 1.0, 5.0] 0.8952852873062425
26		fitness: 358.0, genome: [5.0, 1.27, 1.0, 5.0] 1.0268606247755698
27		fitness: 423.0, genome: [5.0, 1.27, 1.0, 5.0] 1.8198809816336485
28		fitness: 429.0, genome: [5.0, 1.21, 1.0, 5.0] 1.7913112900380646
29		fitness: 416.0, genome: [5.0, 1.21, 1.0, 5.0] 0.7467647865007183
30		fitness: 398.0, genome: [5.0, 3.6, 1.0, 5.0] 0.5657640609102343
31		fitness: 285.0, genome: [5.0, 1.21, 1.0, 5.0] 1.6287626449381778
32		fitness: 245.0, genome: [5.0, 1.21, 1.0, 4.647235952796978] 1.5339444432781248
33		fitness: 361.0, genome: [5.0, 5.0, 1.0, 4.834845416561263] 1.0212019639660226
34		fitness: 273.0, genome: [5.0, 1.21, 1.0, 5.0] 0.9759960361223994

GEN		BEST CHILD
0		fitness: 340.0, genome: [1.0, 1.03, 4.11, 4.005530004679562] 0.5880740569785898
1		fitness: 493.0, genome: [1.0, 1.03, 4.11, 3.9905300046795618] 0.5184591427820338
2		fitness: 408.0, genome: [1.0, 1.03, 4.09, 3.9905300046795618] 1.1985998860415688
3		fitness: 490.0, genome: [1.0, 3.03, 4.11, 3.9905300046795618] 1.4100465938391515
4		fitness: 302.0, genome: [4.41, 3.03, 4.11, 3.9905300046795618] 0.9805250074496517
5		fitness: 300.0, genome: [1.0, 3.03, 4.09, 3.9755300046795616] 1.5218835401310808
6		fitness: 452.0, genome: [1.0, 3.03, 4.08, 3.9755300046795616] 0.7905320545666865
7		fitness: 332.0, genome: [5.0, 3.03, 4.09, 5.0] 0.9995876540407278
8		fitness: 364.0, genome: [5.0, 3.03, 4.09, 5.0] 1.990561926731179
9		fitness: 339.0, genome: [5.0, 3.03, 4.09, 5.0] 1.863229499601871
10		fitness: 339.0, genome: [5.0, 3.03, 4.09, 4.985] 0.04656151755699822
11		fitness: 409.0, genome: [5.0, 3.03, 2.05, 4.985] 1.3631313010959938
12		fitness: 443.0, genome: [5.0, 3.03, 2.05, 4.985] 1.2777800981349037
13		fitness: 440.0, genome: [5.0, 3.03, 2.06, 4.985] 0.54281270056788
14		fitness: 385.0, genome: [5.0, 3.03, 1.52, 4.985] 0.03568497657615688
15		fitness: 390.0, genome: [5.0, 3.03, 1.52, 4.970000000000001] 1.0914531200957487
16		fitness: 400.0, genome: [5.0, 3.03, 1.52, 5.0] 0.5237860323655117
17		fitness: 420.0, genome: [5.0, 3.03, 1.52, 5.0] 0.9031730134112306
18		fitness: 314.0, genome: [5.0, 3.02, 1.52, 5.0] 1.360785938413842
19		fitness: 360.0, genome: [5.0, 3.02, 1.52, 5.0] 0.8710392778819955
20		fitness: 395.0, genome: [5.0, 5.0, 1.52, 5.0] 0.86850539775245
21		fitness: 383.0, genome: [5.0, 5.0, 1.52, 5.0] 0.958421741648271
22		fitness: 458.0, genome: [5.0, 5.0, 1.5, 5.0] 1.8292167920680238
23		fitness: 353.0, genome: [5.0, 5.0, 1.0, 5.0] 1.7293872418429632
24		fitness: 466.0, genome: [5.0, 1.27, 1.0, 5.0] 1.338617316079261
25		fitness: 358.0, genome: [5.0, 1.27, 1.0, 5.0] 0.20142267652668444
26		fitness: 423.0, genome: [5.0, 1.27, 1.0, 5.0] 0.05996163575587121
27		fitness: 429.0, genome: [5.0, 1.21, 1.0, 5.0] 1.9826787595110318
28		fitness: 416.0, genome: [5.0, 1.21, 1.0, 5.0] 0.8158192228977088
29		fitness: 398.0, genome: [5.0, 3.6, 1.0, 5.0] 1.3992944205324915
30		fitness: 285.0, genome: [5.0, 1.21, 1.0, 5.0] 0.5979712726909427
31		fitness: 245.0, genome: [5.0, 1.21, 1.0, 4.647235952796978] 1.6231619566112285
32		fitness: 361.0, genome: [5.0, 5.0, 1.0, 4.834845416561263] 1.6184309082239385
33		fitness: 273.0, genome: [5.0, 1.21, 1.0, 5.0] 0.30805345537275985
34		fitness: 204.0, genome: [5.0, 5.0, 1.0, 4.834845416561263] 0.41722127688403265

